AUDIT1,3504,5,2,1,0,3739,0.000000000,0.000000,0,0,40.000,0,0
AUDIT1,3504,-4,1,1,0,3742,-0.000000000,-0.000000,0,162,30.000,0,1
AUDIT1,3504,6,2,1,0,3742,0.000000000,0.000000,0,27,40.000,0,0
AUDIT1,3504,-7,2,1,0,3740,-0.000000000,-0.000000,0,0,40.000,0,0
AUDIT1,3504,9,1,1,0,3741,0.000000000,0.000000,0,164,30.000,0,1
AUDIT1,3504,-10,2,1,0,3738,-0.000000000,-0.000000,-6,0,40.000,0,0
AUDITS,3504,18500,1081,0.033377136,16,0,0
AUDITCFG,4004,stage2_ports4and9_green,1,1
AUDIT1,4004,5,2,1,0,4233,0.000000000,0.000000,0,0,40.000,0,0
AUDIT1,4004,-4,1,1,0,4234,-0.000000000,-0.000000,0,162,30.000,0,1
AUDIT1,4004,6,2,1,0,4235,0.000000000,0.000000,0,27,40.000,0,0
AUDIT1,4004,-7,2,1,0,4235,-0.000000000,-0.000000,0,0,40.000,0,0
AUDIT1,4004,9,1,1,0,4236,0.000000000,0.000000,0,164,30.000,0,1
AUDIT1,4004,-10,2,1,0,4236,-0.000000000,-0.000000,-12,0,40.000,0,0
AUDITS,4004,18500,1081,0.033388187,16,0,0
AUDIT1,4504,5,2,1,0,4727,0.000000000,0.000000,6,0,40.000,0,0
AUDIT1,4504,-4,1,1,0,4731,-0.000000000,-0.000000,0,162,30.000,0,1
AUDIT1,4504,6,2,1,0,4728,0.000000000,0.000000,0,26,40.000,0,0
AUDIT1,4504,-7,2,1,0,4729,-0.000000000,-0.000000,0,0,40.000,0,0
AUDIT1,4504,9,1,1,0,4732,0.000000000,0.000000,0,164,30.000,0,1
AUDIT1,4504,-10,2,1,0,4728,-0.000000000,-0.000000,-12,0,40.000,0,0
AUDITS,4504,18500,1081,0.033428022,16,0,0
AUDIT1,5004,5,2,1,0,5221,0.000000000,0.000000,0,0,40.000,0,0
AUDIT1,5004,-4,1,1,0,5224,-0.000000000,-0.000000,0,162,30.000,0,1
AUDIT1,5004,6,2,1,0,5226,0.000000000,0.000000,0,27,40.000,0,0
AUDIT1,5004,-7,2,1,0,5223,-0.000000000,-0.000000,0,0,40.000,0,0
AUDIT1,5004,9,1,1,0,5223,0.000000000,0.000000,0,164,30.000,0,1
AUDIT1,5004,-10,2,1,0,5221,-0.000000000,-0.000000,0,0,40.000,0,0
AUDITS,5004,18500,1081,0.033515728,16,0,0
AUDIT1,5504,5,2,1,0,5715,0.000000000,0.000000,0,0,40.000,0,0
AUDIT1,5504,-4,1,1,0,5721,-0.000000000,-0.000000,0,162,30.000,0,1
AUDIT1,5504,6,2,1,0,5719,0.000000000,0.000000,0,26,40.000,0,0
AUDIT1,5504,-7,2,1,0,5717,-0.000000000,-0.000000,0,0,40.000,0,0
AUDIT1,5504,9,1,1,0,5718,0.000000000,0.000000,0,164,30.000,0,1
AUDIT1,5504,-10,2,1,0,5713,-0.000000000,-0.000000,-6,0,40.000,0,0
AUDITS,5504,18500,1081,0.033337320,16,0,0
AUDIT1,6004,5,2,1,0,6209,0.000000000,0.000000,0,0,40.000,0,0
AUDIT1,6004,-4,1,1,0,6213,-0.000000000,-0.000000,0,162,30.000,0,1
AUDIT1,6004,6,2,1,0,6212,0.000000000,0.000000,6,27,40.000,0,0
AUDIT1,6004,-7,2,1,0,6211,-0.000000000,-0.000000,0,0,40.000,0,0
AUDIT1,6004,9,1,1,0,6214,0.000000000,0.000000,0,164,30.000,0,1
AUDIT1,6004,-10,2,1,0,6211,-0.000000000,-0.000000,0,0,40.000,0,0
AUDITS,6004,18500,1081,0.033387901,16,0,0
AUDIT1,6504,5,2,1,0,6703,0.000000000,0.000000,0,0,40.000,0,0
AUDIT1,6504,-4,1,1,0,6706,-0.000000000,-0.000000,0,162,30.000,0,1
AUDIT1,6504,6,2,1,0,6705,0.000000000,0.000000,6,27,40.000,0,0
AUDIT1,6504,-7,2,1,0,6705,-0.000000000,-0.000000,0,0,40.000,0,0
AUDIT1,6504,9,1,1,0,6704,0.000000000,0.000000,0,164,30.000,0,1
AUDIT1,6504,-10,2,1,0,6703,-0.000000000,-0.000000,-6,0,40.000,0,0
AUDITS,6504,18500,1081,0.034260418,16,0,0
AUDIT1,7004,5,2,1,0,7197,0.000000000,0.000000,0,0,40.000,0,0
AUDIT1,7004,-4,1,1,0,7203,-0.000000000,-0.000000,0,162,30.000,0,1
AUDIT1,7004,6,2,1,0,7198,0.000000000,0.000000,0,27,40.000,0,0
AUDIT1,7004,-7,2,1,0,7200,-0.000000000,-0.000000,6,0,40.000,0,0
AUDIT1,7004,9,1,1,0,7200,0.000000000,0.000000,0,164,30.000,0,1
AUDIT1,7004,-10,2,1,0,7196,-0.000000000,-0.000000,-6,0,40.000,0,0
AUDITS,7004,18500,1081,0.034137910,16,0,0
AUDIT1,7504,5,2,1,0,7691,0.000000000,0.000000,6,0,40.000,0,0
AUDIT1,7504,-4,1,1,0,7695,-0.000000000,-0.000000,0,162,30.000,0,1
AUDIT1,7504,6,2,1,0,7696,0.000000000,0.000000,0,27,40.000,0,0
AUDIT1,7504,-7,2,1,0,7694,-0.000000000,-0.000000,0,0,40.000,0,0
AUDIT1,7504,9,1,1,0,7696,0.000000000,0.000000,0,164,30.000,0,1
AUDIT1,7504,-10,2,1,0,7693,-0.000000000,-0.000000,-6,0,40.000,0,0
AUDITS,7504,18500,1081,0.033819802,16,0,0
AUDIT1,8004,5,2,1,0,8185,0.000000000,0.000000,0,0,40.000,0,0
AUDIT1,8004,-4,1,1,0,8187,-0.000000000,-0.000000,0,162,30.000,0,1
AUDIT1,8004,6,2,1,0,8189,0.000000000,0.000000,6,27,40.000,0,0
AUDIT1,8004,-7,2,1,0,8188,-0.000000000,-0.000000,0,0,40.000,0,0
AUDIT1,8004,9,1,1,0,8186,0.000000000,0.000000,0,164,30.000,0,1
AUDIT1,8004,-10,2,1,0,8186,-0.000000000,-0.000000,0,0,40.000,0,0
AUDITS,8004,18500,1081,0.033923205,16,0,0
AUDIT1,8504,5,2,1,0,8678,0.000000000,0.000000,0,0,40.000,0,0
AUDIT1,8504,-4,1,1,0,8685,-0.000000000,-0.000000,0,162,30.000,0,1
AUDIT1,8504,6,2,1,0,8682,0.000000000,0.000000,0,27,40.000,0,0
AUDIT1,8504,-7,2,1,0,8682,-0.000000000,-0.000000,0,0,40.000,0,0
AUDIT1,8504,9,1,1,0,8682,0.000000000,0.000000,0,164,30.000,0,1
AUDIT1,8504,-10,2,1,0,8678,-0.000000000,-0.000000,0,0,40.000,0,0
AUDITS,8504,18500,1081,0.033779235,16,0,0
AUDIT1,9004,5,2,1,0,9172,0.000000000,0.000000,0,0,40.000,0,0
AUDIT1,9004,-4,1,1,0,9177,-0.000000000,-0.000000,0,162,30.000,0,1
AUDIT1,9004,6,2,1,0,9175,0.000000000,0.000000,-6,27,40.000,0,0
AUDIT1,9004,-7,2,1,0,9176,-0.000000000,-0.000000,-6,0,40.000,0,0
AUDIT1,9004,9,1,1,0,9178,0.000000000,0.000000,0,164,30.000,0,1
AUDIT1,9004,-10,2,1,0,9176,-0.000000000,-0.000000,-6,0,40.000,0,0
AUDITS,9004,18500,1081,0.033843826,16,0,0
AUDIT1,9504,5,2,1,0,9666,0.000000000,0.000000,0,0,40.000,0,0
AUDIT1,9504,-4,1,1,0,9669,-0.000000000,-0.000000,0,162,30.000,0,1
AUDIT1,9504,6,2,1,0,9673,0.000000000,0.000000,0,27,40.000,0,0
AUDIT1,9504,-7,2,1,0,9670,-0.000000000,-0.000000,0,0,40.000,0,0
AUDIT1,9504,9,1,1,0,9668,0.000000000,0.000000,0,165,30.000,0,1
AUDIT1,9504,-10,2,1,0,9668,-0.000000000,-0.000000,-6,0,40.000,0,0
AUDITS,9504,18500,1081,0.033770822,16,0,0
AUDIT1,10004,5,2,1,0,10160,0.000000000,0.000000,0,0,40.000,0,0
AUDIT1,10004,-4,1,1,0,10167,-0.000000000,-0.000000,0,162,30.000,0,1
AUDIT1,10004,6,2,1,0,10166,0.000000000,0.000000,0,26,40.000,0,0
AUDIT1,10004,-7,2,1,0,10165,-0.000000000,-0.000000,-6,0,40.000,0,0
AUDIT1,10004,9,1,1,0,10164,0.000000000,0.000000,0,164,30.000,0,1
AUDIT1,10004,-10,2,1,0,10161,-0.000000000,-0.000000,0,0,40.000,0,0
AUDITS,10004,18500,1081,0.034087130,16,0,0
AUDIT1,10504,5,2,1,0,10654,0.000000000,0.000000,6,0,40.000,0,0
AUDIT1,10504,-4,1,1,0,10659,-0.000000000,-0.000000,0,162,30.000,0,1
AUDIT1,10504,6,2,1,0,10659,0.000000000,0.000000,0,27,40.000,0,0
AUDIT1,10504,-7,2,1,0,10659,-0.000000000,-0.000000,-6,0,40.000,0,0
AUDIT1,10504,9,1,1,0,10660,0.000000000,0.000000,0,164,30.000,0,1
AUDIT1,10504,-10,2,1,0,10654,-0.000000000,-0.000000,-6,0,40.000,0,0
AUDITS,10504,18500,1081,0.033298801,16,0,0
AUDIT1,11004,5,2,1,0,11148,0.000000000,0.000000,0,0,40.000,0,0
AUDIT1,11004,-4,1,1,0,11152,-0.000000000,-0.000000,0,162,30.000,0,1
AUDIT1,11004,6,2,1,0,11152,0.000000000,0.000000,0,27,40.000,0,0
AUDIT1,11004,-7,2,1,0,11153,-0.000000000,-0.000000,6,0,40.000,0,0
AUDIT1,11004,9,1,1,0,11150,0.000000000,0.000000,0,164,30.000,0,1
AUDIT1,11004,-10,2,1,0,11151,-0.000000000,-0.000000,0,0,40.000,0,0
AUDITS,11004,18500,1081,0.033554643,16,0,0
