AUDIT1,219004,5,1,2,0,216682,0.000000000,0.000000,6,0,40.000,0
AUDIT1,219004,-4,1,2,0,216681,-0.000000000,-0.000000,0,162,30.000,0
AUDIT1,219004,6,1,2,0,216682,0.000000000,0.000000,6,27,40.000,0
AUDIT1,219004,-7,1,2,0,216679,-0.000000000,-0.000000,0,0,40.000,0
AUDIT1,219004,9,1,2,0,216682,0.000000000,0.000000,0,164,30.000,0
AUDIT1,219004,-10,1,2,0,216679,-0.000000000,-0.000000,0,0,40.000,0
AUDITS,219004,18500,1081,0.033216968,16,0,0
AUDIT1,219504,5,1,2,0,217176,0.000000000,0.000000,0,0,40.000,0
AUDIT1,219504,-4,1,2,0,217174,-0.000000000,-0.000000,0,162,30.000,0
AUDIT1,219504,6,1,2,0,217175,0.000000000,0.000000,6,27,40.000,0
AUDIT1,219504,-7,1,2,0,217173,-0.000000000,-0.000000,0,0,40.000,0
AUDIT1,219504,9,1,2,0,217173,0.000000000,0.000000,0,164,30.000,0
AUDIT1,219504,-10,1,2,0,217177,-0.000000000,-0.000000,-6,0,40.000,0
AUDITS,219504,18500,1081,0.033995519,16,0,0
AUDIT1,220004,5,1,2,0,217670,0.000000000,0.000000,0,0,40.000,0
AUDIT1,220004,-4,1,2,0,217671,-0.000000000,-0.000000,0,162,30.000,0
AUDIT1,220004,6,1,2,0,217668,0.000000000,0.000000,0,27,40.000,0
AUDIT1,220004,-7,1,2,0,217667,-0.000000000,-0.000000,0,0,40.000,0
AUDIT1,220004,9,1,2,0,217669,0.000000000,0.000000,0,164,30.000,0
AUDIT1,220004,-10,1,2,0,217669,-0.000000000,-0.000000,-6,0,40.000,0
AUDITS,220004,18500,1081,0.034225103,16,0,0
AUDIT1,220504,5,1,2,0,218164,0.000000000,0.000000,0,0,40.000,0
AUDIT1,220504,-4,1,2,0,218164,-0.000000000,-0.000000,0,162,30.000,0
AUDIT1,220504,6,1,2,0,218161,0.000000000,0.000000,0,27,40.000,0
AUDIT1,220504,-7,1,2,0,218162,-0.000000000,-0.000000,-6,0,40.000,0
AUDIT1,220504,9,1,2,0,218164,0.000000000,0.000000,0,165,30.000,0
AUDIT1,220504,-10,1,2,0,218162,-0.000000000,-0.000000,-6,0,40.000,0
AUDITS,220504,18500,1081,0.033995112,16,0,0
AUDIT1,221004,5,1,2,0,218658,0.000000000,0.000000,0,0,40.000,0
AUDIT1,221004,-4,1,2,0,218656,-0.000000000,-0.000000,0,162,30.000,0
AUDIT1,221004,6,1,2,0,218659,0.000000000,0.000000,0,27,40.000,0
AUDIT1,221004,-7,1,2,0,218656,-0.000000000,-0.000000,0,0,40.000,0
AUDIT1,221004,9,1,2,0,218655,0.000000000,0.000000,0,164,30.000,0
AUDIT1,221004,-10,1,2,0,218659,-0.000000000,-0.000000,-6,0,40.000,0
AUDITS,221004,18500,1081,0.033994140,16,0,0
AUDIT1,221504,5,1,2,0,219152,0.000000000,0.000000,0,0,40.000,0
AUDIT1,221504,-4,1,2,0,219149,-0.000000000,-0.000000,0,162,30.000,0
AUDIT1,221504,6,1,2,0,219152,0.000000000,0.000000,6,27,40.000,0
AUDIT1,221504,-7,1,2,0,219150,-0.000000000,-0.000000,0,0,40.000,0
AUDIT1,221504,9,1,2,0,219151,0.000000000,0.000000,0,164,30.000,0
AUDIT1,221504,-10,1,2,0,219152,-0.000000000,-0.000000,-6,0,40.000,0
AUDITS,221504,18500,1081,0.033957142,16,0,0
AUDIT1,222004,5,1,2,0,219646,0.000000000,0.000000,0,0,40.000,0
AUDIT1,222004,-4,1,2,0,219646,-0.000000000,-0.000000,0,162,30.000,0
AUDIT1,222004,6,1,2,0,219645,0.000000000,0.000000,0,27,40.000,0
AUDIT1,222004,-7,1,2,0,219644,-0.000000000,-0.000000,-6,0,40.000,0
AUDIT1,222004,9,1,2,0,219646,0.000000000,0.000000,0,164,30.000,0
AUDIT1,222004,-10,1,2,0,219644,-0.000000000,-0.000000,0,0,40.000,0
AUDITS,222004,18500,1081,0.033940034,16,0,0
AUDIT1,222504,5,1,2,0,220140,0.000000000,0.000000,0,0,40.000,0
AUDIT1,222504,-4,1,2,0,220139,-0.000000000,-0.000000,0,162,30.000,0
AUDIT1,222504,6,1,2,0,220138,0.000000000,0.000000,6,26,40.000,0
AUDIT1,222504,-7,1,2,0,220138,-0.000000000,-0.000000,0,0,40.000,0
AUDIT1,222504,9,1,2,0,220137,0.000000000,0.000000,0,164,30.000,0
AUDIT1,222504,-10,1,2,0,220137,-0.000000000,-0.000000,-6,0,40.000,0
AUDITS,222504,18500,1081,0.033954880,16,0,0
AUDIT1,223004,5,1,2,0,220634,0.000000000,0.000000,6,0,40.000,0
AUDIT1,223004,-4,1,2,0,220631,-0.000000000,-0.000000,0,162,30.000,0
AUDIT1,223004,6,1,2,0,220631,0.000000000,0.000000,0,27,40.000,0
AUDIT1,223004,-7,1,2,0,220632,-0.000000000,-0.000000,0,0,40.000,0
AUDIT1,223004,9,1,2,0,220633,0.000000000,0.000000,0,164,30.000,0
AUDIT1,223004,-10,1,2,0,220635,-0.000000000,-0.000000,0,0,40.000,0
AUDITS,223004,18500,1081,0.033735376,16,0,0
AUDIT1,223504,5,1,2,0,221127,0.000000000,0.000000,0,0,40.000,0
AUDIT1,223504,-4,1,2,0,221128,-0.000000000,-0.000000,0,162,30.000,0
AUDIT1,223504,6,1,2,0,221129,0.000000000,0.000000,0,27,40.000,0
AUDIT1,223504,-7,1,2,0,221126,-0.000000000,-0.000000,0,0,40.000,0
AUDIT1,223504,9,1,2,0,221128,0.000000000,0.000000,0,164,30.000,0
AUDIT1,223504,-10,1,2,0,221127,-0.000000000,-0.000000,-6,0,40.000,0
AUDITS,223504,18500,1081,0.033972463,16,0,0
AUDIT1,224004,5,1,2,0,221621,0.000000000,0.000000,0,0,40.000,0
AUDIT1,224004,-4,1,2,0,221621,-0.000000000,-0.000000,0,162,30.000,0
AUDIT1,224004,6,1,2,0,221622,0.000000000,0.000000,12,27,40.000,0
AUDIT1,224004,-7,1,2,0,221621,-0.000000000,-0.000000,0,0,40.000,0
AUDIT1,224004,9,1,2,0,221619,0.000000000,0.000000,0,165,30.000,0
AUDIT1,224004,-10,1,2,0,221620,-0.000000000,-0.000000,-6,0,40.000,0
AUDITS,224004,18500,1081,0.033704000,16,0,0
AUDIT1,224504,5,1,2,0,222115,0.000000000,0.000000,-6,0,40.000,0
AUDIT1,224504,-4,1,2,0,222113,-0.000000000,-0.000000,0,162,30.000,0
AUDIT1,224504,6,1,2,0,222115,0.000000000,0.000000,0,27,40.000,0
AUDIT1,224504,-7,1,2,0,222115,-0.000000000,-0.000000,-6,0,40.000,0
AUDIT1,224504,9,1,2,0,222115,0.000000000,0.000000,0,164,30.000,0
AUDIT1,224504,-10,1,2,0,222117,-0.000000000,-0.000000,-6,0,40.000,0
AUDITS,224504,18500,1081,0.033924083,16,0,0
AUDIT1,225004,5,1,2,0,222609,0.000000000,0.000000,6,0,40.000,0
AUDIT1,225004,-4,1,2,0,222611,-0.000000000,-0.000000,0,162,30.000,0
AUDIT1,225004,6,1,2,0,222608,0.000000000,0.000000,6,27,40.000,0
AUDIT1,225004,-7,1,2,0,222609,-0.000000000,-0.000000,-6,0,40.000,0
AUDIT1,225004,9,1,2,0,222610,0.000000000,0.000000,0,164,30.000,0
AUDIT1,225004,-10,1,2,0,222610,-0.000000000,-0.000000,-12,0,40.000,0
AUDITS,225004,18500,1081,0.034348973,16,0,0
AUDIT1,225504,5,1,2,0,223103,0.000000000,0.000000,0,0,40.000,0
AUDIT1,225504,-4,1,2,0,223103,-0.000000000,-0.000000,0,162,30.000,0
AUDIT1,225504,6,1,2,0,223101,0.000000000,0.000000,0,27,40.000,0
AUDIT1,225504,-7,1,2,0,223103,-0.000000000,-0.000000,0,0,40.000,0
AUDIT1,225504,9,1,2,0,223101,0.000000000,0.000000,0,164,30.000,0
AUDIT1,225504,-10,1,2,0,223103,-0.000000000,-0.000000,-6,0,40.000,0
AUDITS,225504,18500,1081,0.034010423,16,0,0
AUDIT1,226004,5,1,2,0,223597,0.000000000,0.000000,6,0,40.000,0
AUDIT1,226004,-4,1,2,0,223596,-0.000000000,-0.000000,0,162,30.000,0
AUDIT1,226004,6,1,2,0,223599,0.000000000,0.000000,6,26,40.000,0
AUDIT1,226004,-7,1,2,0,223597,-0.000000000,-0.000000,0,0,40.000,0
AUDIT1,226004,9,1,2,0,223597,0.000000000,0.000000,0,164,30.000,0
AUDIT1,226004,-10,1,2,0,223595,-0.000000000,-0.000000,-6,0,40.000,0
AUDITS,226004,18500,1081,0.033582162,16,0,0
AUDIT1,226504,5,1,2,0,224091,0.000000000,0.000000,0,0,40.000,0
AUDIT1,226504,-4,1,2,0,224093,-0.000000000,-0.000000,0,162,30.000,0
AUDIT1,226504,6,1,2,0,224092,0.000000000,0.000000,0,27,40.000,0
AUDIT1,226504,-7,1,2,0,224091,-0.000000000,-0.000000,0,0,40.000,0
AUDIT1,226504,9,1,2,0,224092,0.000000000,0.000000,0,164,30.000,0
AUDIT1,226504,-10,1,2,0,224092,-0.000000000,-0.000000,-6,0,40.000,0
AUDITS,226504,18500,1081,0.033703362,16,0,0
AUDIT1,227004,5,1,2,0,224585,0.000000000,0.000000,0,0,40.000,0
AUDIT1,227004,-4,1,2,0,224585,-0.000000000,-0.000000,0,162,30.000,0
AUDIT1,227004,6,1,2,0,224585,0.000000000,0.000000,6,27,40.000,0
AUDIT1,227004,-7,1,2,0,224586,-0.000000000,-0.000000,0,0,40.000,0
AUDIT1,227004,9,1,2,0,224583,0.000000000,0.000000,0,164,30.000,0
AUDIT1,227004,-10,1,2,0,224585,-0.000000000,-0.000000,0,0,40.000,0
AUDITS,227004,18500,1081,0.034032631,16,0,0
AUDIT1,227504,5,1,2,0,225079,0.000000000,0.000000,0,0,40.000,0
AUDIT1,227504,-4,1,2,0,225078,-0.000000000,-0.000000,0,162,30.000,0
AUDIT1,227504,6,1,2,0,225078,0.000000000,0.000000,6,27,40.000,0
AUDIT1,227504,-7,1,2,0,225080,-0.000000000,-0.000000,0,0,40.000,0
AUDIT1,227504,9,1,2,0,225079,0.000000000,0.000000,0,164,30.000,0
AUDIT1,227504,-10,1,2,0,225078,-0.000000000,-0.000000,-6,0,40.000,0
AUDITS,227504,18500,1081,0.033895042,16,0,0
AUDIT1,228004,5,1,2,0,225573,0.000000000,0.000000,0,0,40.000,0
AUDIT1,228004,-4,1,2,0,225576,-0.000000000,-0.000000,0,162,30.000,0
AUDIT1,228004,6,1,2,0,225571,0.000000000,0.000000,-6,27,40.000,0
AUDIT1,228004,-7,1,2,0,225574,-0.000000000,-0.000000,0,0,40.000,0
AUDIT1,228004,9,1,2,0,225574,0.000000000,0.000000,0,164,30.000,0
AUDIT1,228004,-10,1,2,0,225575,-0.000000000,-0.000000,0,0,40.000,0
AUDITS,228004,18500,1081,0.034216200,16,0,0
AUDIT1,228504,5,1,2,0,226067,0.000000000,0.000000,0,0,40.000,0
AUDIT1,228504,-4,1,2,0,226068,-0.000000000,-0.000000,0,162,30.000,0
AUDIT1,228504,6,1,2,0,226069,0.000000000,0.000000,6,27,40.000,0
AUDIT1,228504,-7,1,2,0,226068,-0.000000000,-0.000000,6,0,40.000,0
AUDIT1,228504,9,1,2,0,226065,0.000000000,0.000000,0,164,30.000,0
AUDIT1,228504,-10,1,2,0,226068,-0.000000000,-0.000000,-6,0,40.000,0
AUDITS,228504,18500,1081,0.033691347,16,0,0
AUDIT1,229004,5,1,2,0,226561,0.000000000,0.000000,0,0,40.000,0
AUDIT1,229004,-4,1,2,0,226561,-0.000000000,-0.000000,0,162,30.000,0
AUDIT1,229004,6,1,2,0,226562,0.000000000,0.000000,0,26,40.000,0
AUDIT1,229004,-7,1,2,0,226562,-0.000000000,-0.000000,6,0,40.000,0
AUDIT1,229004,9,1,2,0,226561,0.000000000,0.000000,0,164,30.000,0
AUDIT1,229004,-10,1,2,0,226560,-0.000000000,-0.000000,-6,0,40.000,0
AUDITS,229004,18500,1081,0.033824609,16,0,0
AUDIT1,229504,5,1,2,0,227055,0.000000000,0.000000,0,0,40.000,0
AUDIT1,229504,-4,1,2,0,227053,-0.000000000,-0.000000,0,162,30.000,0
AUDIT1,229504,6,1,2,0,227055,0.000000000,0.000000,6,27,40.000,0
AUDIT1,229504,-7,1,2,0,227057,-0.000000000,-0.000000,0,0,40.000,0
AUDIT1,229504,9,1,2,0,227056,0.000000000,0.000000,0,165,30.000,0
AUDIT1,229504,-10,1,2,0,227058,-0.000000000,-0.000000,0,0,40.000,0
AUDITS,229504,18500,1081,0.033069343,16,0,0
AUDIT1,230004,5,1,2,0,227549,0.000000000,0.000000,0,0,40.000,0
AUDIT1,230004,-4,1,2,0,227551,-0.000000000,-0.000000,0,162,30.000,0
AUDIT1,230004,6,1,2,0,227548,0.000000000,0.000000,6,26,40.000,0
AUDIT1,230004,-7,1,2,0,227551,-0.000000000,-0.000000,0,0,40.000,0
AUDIT1,230004,9,1,2,0,227547,0.000000000,0.000000,0,164,30.000,0
AUDIT1,230004,-10,1,2,0,227551,-0.000000000,-0.000000,-6,0,40.000,0
AUDITS,230004,18500,1081,0.034122167,16,0,0
AUDIT1,230504,5,1,2,0,228043,0.000000000,0.000000,6,0,40.000,0
AUDIT1,230504,-4,1,2,0,228043,-0.000000000,-0.000000,0,162,30.000,0
AUDIT1,230504,6,1,2,0,228046,0.000000000,0.000000,0,27,40.000,0
AUDIT1,230504,-7,1,2,0,228045,-0.000000000,-0.000000,-6,0,40.000,0
AUDIT1,230504,9,1,2,0,228043,0.000000000,0.000000,0,164,30.000,0
AUDIT1,230504,-10,1,2,0,228043,-0.000000000,-0.000000,-6,0,40.000,0
AUDITS,230504,18500,1081,0.033579928,16,0,0
AUDIT1,231004,5,1,2,0,228537,0.000000000,0.000000,0,0,40.000,0
AUDIT1,231004,-4,1,2,0,228536,-0.000000000,-0.000000,0,162,30.000,0
AUDIT1,231004,6,1,2,0,228539,0.000000000,0.000000,0,27,40.000,0
AUDIT1,231004,-7,1,2,0,228539,-0.000000000,-0.000000,0,0,40.000,0
AUDIT1,231004,9,1,2,0,228538,0.000000000,0.000000,0,164,30.000,0
AUDIT1,231004,-10,1,2,0,228536,-0.000000000,-0.000000,-6,0,40.000,0
AUDITS,231004,18500,1081,0.034029583,16,0,0
AUDIT1,231504,5,1,2,0,229031,0.000000000,0.000000,0,0,40.000,0
AUDIT1,231504,-4,1,2,0,229033,-0.000000000,-0.000000,0,162,30.000,0
AUDIT1,231504,6,1,2,0,229032,0.000000000,0.000000,6,27,40.000,0
AUDIT1,231504,-7,1,2,0,229033,-0.000000000,-0.000000,0,0,40.000,0
AUDIT1,231504,9,1,2,0,229029,0.000000000,0.000000,0,164,30.000,0
AUDIT1,231504,-10,1,2,0,229033,-0.000000000,-0.000000,-12,0,40.000,0
AUDITS,231504,18500,1081,0.034128842,16,0,0
AUDIT1,232004,5,1,2,0,229525,0.000000000,0.000000,0,0,40.000,0
AUDIT1,232004,-4,1,2,0,229525,-0.000000000,-0.000000,0,162,30.000,0
AUDIT1,232004,6,1,2,0,229525,0.000000000,0.000000,-6,27,40.000,0
AUDIT1,232004,-7,1,2,0,229528,-0.000000000,-0.000000,0,0,40.000,0
AUDIT1,232004,9,1,2,0,229525,0.000000000,0.000000,0,164,30.000,0
AUDIT1,232004,-10,1,2,0,229525,-0.000000000,-0.000000,-12,0,40.000,0
AUDITS,232004,18500,1081,0.033839369,16,0,0
AUDIT1,232504,5,1,2,0,230019,0.000000000,0.000000,12,0,40.000,0
AUDIT1,232504,-4,1,2,0,230018,-0.000000000,-0.000000,0,162,30.000,0
AUDIT1,232504,6,1,2,0,230018,0.000000000,0.000000,0,26,40.000,0
AUDIT1,232504,-7,1,2,0,230022,-0.000000000,-0.000000,0,0,40.000,0
AUDIT1,232504,9,1,2,0,230020,0.000000000,0.000000,0,164,30.000,0
AUDIT1,232504,-10,1,2,0,230018,-0.000000000,-0.000000,-6,0,40.000,0
AUDITS,232504,18500,1081,0.033879626,16,0,0
AUDIT1,233004,5,1,2,0,230513,0.000000000,0.000000,0,0,40.000,0
AUDIT1,233004,-4,1,2,0,230515,-0.000000000,-0.000000,0,162,30.000,0
AUDIT1,233004,6,1,2,0,230516,0.000000000,0.000000,6,27,40.000,0
AUDIT1,233004,-7,1,2,0,230516,-0.000000000,-0.000000,-6,0,40.000,0
AUDIT1,233004,9,1,2,0,230516,0.000000000,0.000000,0,165,30.000,0
AUDIT1,233004,-10,1,2,0,230515,-0.000000000,-0.000000,0,0,40.000,0
AUDITS,233004,18500,1081,0.033539461,16,0,0
AUDIT1,233504,5,1,2,0,231007,0.000000000,0.000000,-6,0,40.000,0
AUDIT1,233504,-4,1,2,0,231008,-0.000000000,-0.000000,0,162,30.000,0
AUDIT1,233504,6,1,2,0,231009,0.000000000,0.000000,0,27,40.000,0
AUDIT1,233504,-7,1,2,0,231006,-0.000000000,-0.000000,-6,0,40.000,0
AUDIT1,233504,9,1,2,0,231007,0.000000000,0.000000,0,164,30.000,0
AUDIT1,233504,-10,1,2,0,231008,-0.000000000,-0.000000,-6,0,40.000,0
AUDITS,233504,18500,1081,0.033183460,16,0,0
AUDIT1,234004,5,1,2,0,231502,0.000000000,0.000000,0,0,40.000,0
AUDIT1,234004,-4,1,2,0,231501,-0.000000000,-0.000000,0,162,30.000,0
AUDIT1,234004,6,1,2,0,231502,0.000000000,0.000000,0,27,40.000,0
AUDIT1,234004,-7,1,2,0,231500,-0.000000000,-0.000000,0,0,40.000,0
AUDIT1,234004,9,1,2,0,231503,0.000000000,0.000000,0,164,30.000,0
AUDIT1,234004,-10,1,2,0,231501,-0.000000000,-0.000000,-6,0,40.000,0
AUDITS,234004,18500,1081,0.033931426,16,0,0
AUDIT1,234504,5,1,2,0,231995,0.000000000,0.000000,6,0,40.000,0
AUDIT1,234504,-4,1,2,0,231998,-0.000000000,-0.000000,0,162,30.000,0
AUDIT1,234504,6,1,2,0,231995,0.000000000,0.000000,0,27,40.000,0
AUDIT1,234504,-7,1,2,0,231994,-0.000000000,-0.000000,6,0,40.000,0
AUDIT1,234504,9,1,2,0,231998,0.000000000,0.000000,0,164,30.000,0
AUDIT1,234504,-10,1,2,0,231998,-0.000000000,-0.000000,-6,0,40.000,0
AUDITS,234504,18500,1081,0.033613346,16,0,0
AUDIT1,4,-4,1,2,0,285,-0.000000000,-0.000000,0,0,0.000,0
AUDIT1,4,6,1,2,0,280,0.000000000,0.000000,0,0,0.000,0
AUDIT1,4,-7,1,2,0,280,-0.000000000,-0.000000,0,0,0.000,0
AUDIT1,4,9,1,2,0,285,0.000000000,0.000000,0,0,0.000,0
AUDIT1,4,-10,1,2,0,285,-0.000000000,-0.000000,0,0,0.000,0
AUDITS,4,0,0,0.000000000,0,0,0
AUDIT1,504,5,1,2,0,774,0.000000000,0.000000,0,0,40.000,0
AUDIT1,504,-4,1,2,0,778,-0.000000000,-0.000000,0,162,30.000,0
AUDIT1,504,6,1,2,0,778,0.000000000,0.000000,0,27,40.000,0
AUDIT1,504,-7,1,2,0,774,-0.000000000,-0.000000,0,0,40.000,0
AUDIT1,504,9,1,2,0,776,0.000000000,0.000000,0,164,30.000,0
AUDIT1,504,-10,1,2,0,778,-0.000000000,-0.000000,-6,0,40.000,0
AUDITS,504,18500,1081,inf,17,0,0
AUDITCFG,1004,stage1_all_blue_like_USBODOM5B
AUDIT1,1004,5,2,1,0,1268,0.000000000,0.000000,-6,0,40.000,0
AUDIT1,1004,-4,1,1,0,1275,-0.000000000,-0.000000,0,162,30.000,0
AUDIT1,1004,6,2,1,0,1271,0.000000000,0.000000,0,27,40.000,0
AUDIT1,1004,-7,2,1,0,1268,-0.000000000,-0.000000,0,0,40.000,0
AUDIT1,1004,9,1,1,0,1272,0.000000000,0.000000,0,164,30.000,0
AUDIT1,1004,-10,2,1,0,1276,-0.000000000,-0.000000,0,0,40.000,0
AUDITS,1004,18500,1081,inf,17,0,0
AUDIT1,1504,5,2,1,0,1762,0.000000000,0.000000,6,0,40.000,0
AUDIT1,1504,-4,1,1,0,1768,-0.000000000,-0.000000,0,162,30.000,0
AUDIT1,1504,6,2,1,0,1764,0.000000000,0.000000,0,27,40.000,0
AUDIT1,1504,-7,2,1,0,1763,-0.000000000,-0.000000,0,0,40.000,0
AUDIT1,1504,9,1,1,0,1768,0.000000000,0.000000,0,164,30.000,0
AUDIT1,1504,-10,2,1,0,1768,-0.000000000,-0.000000,-12,0,40.000,0
AUDITS,1504,18500,1081,inf,17,0,0
AUDIT1,2004,5,2,1,0,2256,0.000000000,0.000000,0,0,40.000,0
AUDIT1,2004,-4,1,1,0,2260,-0.000000000,-0.000000,0,162,30.000,0
AUDIT1,2004,6,2,1,0,2257,0.000000000,0.000000,6,27,40.000,0
AUDIT1,2004,-7,2,1,0,2257,-0.000000000,-0.000000,-12,0,40.000,0
AUDIT1,2004,9,1,1,0,2258,0.000000000,0.000000,0,164,30.000,0
AUDIT1,2004,-10,2,1,0,2261,-0.000000000,-0.000000,-6,0,40.000,0
AUDITS,2004,18500,1081,-0.001480934,16,0,0
AUDIT1,2504,5,2,1,0,2750,0.000000000,0.000000,0,0,40.000,0
AUDIT1,2504,-4,1,1,0,2758,-0.000000000,-0.000000,0,162,30.000,0
AUDIT1,2504,6,2,1,0,2750,0.000000000,0.000000,0,27,40.000,0
AUDIT1,2504,-7,2,1,0,2751,-0.000000000,-0.000000,0,0,40.000,0
AUDIT1,2504,9,1,1,0,2754,0.000000000,0.000000,0,165,30.000,0
AUDIT1,2504,-10,2,1,0,2753,-0.000000000,-0.000000,-6,0,40.000,0
AUDITS,2504,18500,1081,0.034763717,16,0,0
AUDIT1,3004,5,2,1,0,3244,0.000000000,0.000000,0,0,40.000,0
AUDIT1,3004,-4,1,1,0,3250,-0.000000000,-0.000000,0,162,30.000,0
AUDIT1,3004,6,2,1,0,3248,0.000000000,0.000000,6,26,40.000,0
AUDIT1,3004,-7,2,1,0,3245,-0.000000000,-0.000000,0,0,40.000,0
AUDIT1,3004,9,1,1,0,3249,0.000000000,0.000000,0,164,30.000,0
AUDIT1,3004,-10,2,1,0,3251,-0.000000000,-0.000000,6,0,40.000,0
AUDITS,3004,18500,1081,0.034801940,16,0,0
