AUDIT1,11004,5,1,2,0,11169,0.000000000,0.000000,0,0,40.000,0
AUDIT1,11004,-4,1,2,0,11169,-0.000000000,-0.000000,0,162,30.000,0
AUDIT1,11004,6,1,2,0,11169,0.000000000,0.000000,-6,27,40.000,0
AUDIT1,11004,-7,1,2,0,11169,-0.000000000,-0.000000,-6,0,40.000,0
AUDIT1,11004,9,1,2,0,11168,0.000000000,0.000000,0,164,30.000,0
AUDIT1,11004,-10,1,2,0,11169,-0.000000000,-0.000000,-6,0,40.000,0
AUDITS,11004,18500,1081,0.033401712,16,0,0
AUDIT1,11504,5,1,2,0,11663,0.000000000,0.000000,6,0,40.000,0
AUDIT1,11504,-4,1,2,0,11662,-0.000000000,-0.000000,0,162,30.000,0
AUDIT1,11504,6,1,2,0,11662,0.000000000,0.000000,0,27,40.000,0
AUDIT1,11504,-7,1,2,0,11663,-0.000000000,-0.000000,-6,0,40.000,0
AUDIT1,11504,9,1,2,0,11664,0.000000000,0.000000,0,164,30.000,0
AUDIT1,11504,-10,1,2,0,11661,-0.000000000,-0.000000,-6,0,40.000,0
AUDITS,11504,18500,1081,0.033317675,16,0,0
AUDIT1,12004,5,1,2,0,12157,0.000000000,0.000000,0,0,40.000,0
AUDIT1,12004,-4,1,2,0,12159,-0.000000000,-0.000000,0,162,30.000,0
AUDIT1,12004,6,1,2,0,12155,0.000000000,0.000000,0,27,40.000,0
AUDIT1,12004,-7,1,2,0,12157,-0.000000000,-0.000000,0,0,40.000,0
AUDIT1,12004,9,1,2,0,12154,0.000000000,0.000000,0,164,30.000,0
AUDIT1,12004,-10,1,2,0,12159,-0.000000000,-0.000000,0,0,40.000,0
AUDITS,12004,18500,1081,0.033503597,16,0,0
AUDIT1,12504,5,1,2,0,12651,0.000000000,0.000000,0,0,40.000,0
AUDIT1,12504,-4,1,2,0,12651,-0.000000000,-0.000000,0,162,30.000,0
AUDIT1,12504,6,1,2,0,12653,0.000000000,0.000000,-6,27,40.000,0
AUDIT1,12504,-7,1,2,0,12651,-0.000000000,-0.000000,0,0,40.000,0
AUDIT1,12504,9,1,2,0,12650,0.000000000,0.000000,0,164,30.000,0
AUDIT1,12504,-10,1,2,0,12651,-0.000000000,-0.000000,-6,0,40.000,0
AUDITS,12504,18500,1081,0.033935886,16,0,0
AUDIT1,13004,5,1,2,0,13145,0.000000000,0.000000,0,0,40.000,0
AUDIT1,13004,-4,1,2,0,13144,-0.000000000,-0.000000,0,162,30.000,0
AUDIT1,13004,6,1,2,0,13146,0.000000000,0.000000,0,26,40.000,0
AUDIT1,13004,-7,1,2,0,13146,-0.000000000,-0.000000,-6,0,40.000,0
AUDIT1,13004,9,1,2,0,13146,0.000000000,0.000000,0,164,30.000,0
AUDIT1,13004,-10,1,2,0,13144,-0.000000000,-0.000000,-6,0,40.000,0
AUDITS,13004,18500,1081,0.034024484,16,0,0
AUDIT1,13504,5,1,2,0,13639,0.000000000,0.000000,0,0,40.000,0
AUDIT1,13504,-4,1,2,0,13641,-0.000000000,-0.000000,0,162,30.000,0
AUDIT1,13504,6,1,2,0,13639,0.000000000,0.000000,0,26,40.000,0
AUDIT1,13504,-7,1,2,0,13640,-0.000000000,-0.000000,0,0,40.000,0
AUDIT1,13504,9,1,2,0,13641,0.000000000,0.000000,0,164,30.000,0
AUDIT1,13504,-10,1,2,0,13637,-0.000000000,-0.000000,-6,0,40.000,0
AUDITS,13504,18500,1081,0.033640736,16,0,0
AUDIT1,14004,5,1,2,0,14133,0.000000000,0.000000,0,0,40.000,0
AUDIT1,14004,-4,1,2,0,14134,-0.000000000,-0.000000,0,162,30.000,0
AUDIT1,14004,6,1,2,0,14132,0.000000000,0.000000,0,27,40.000,0
AUDIT1,14004,-7,1,2,0,14134,-0.000000000,-0.000000,0,0,40.000,0
AUDIT1,14004,9,1,2,0,14132,0.000000000,0.000000,0,164,30.000,0
AUDIT1,14004,-10,1,2,0,14134,-0.000000000,-0.000000,-6,0,40.000,0
AUDITS,14004,18500,1081,0.033067945,16,0,0
AUDIT1,14504,5,1,2,0,14627,0.000000000,0.000000,-6,0,40.000,0
AUDIT1,14504,-4,1,2,0,14626,-0.000000000,-0.000000,0,162,30.000,0
AUDIT1,14504,6,1,2,0,14625,0.000000000,0.000000,6,26,40.000,0
AUDIT1,14504,-7,1,2,0,14628,-0.000000000,-0.000000,0,0,40.000,0
AUDIT1,14504,9,1,2,0,14627,0.000000000,0.000000,0,164,30.000,0
AUDIT1,14504,-10,1,2,0,14627,-0.000000000,-0.000000,-12,0,40.000,0
AUDITS,14504,18500,1081,0.033230723,16,0,0
AUDIT1,15004,5,1,2,0,15121,0.000000000,0.000000,0,0,40.000,0
AUDIT1,15004,-4,1,2,0,15123,-0.000000000,-0.000000,0,162,30.000,0
AUDIT1,15004,6,1,2,0,15123,0.000000000,0.000000,12,27,40.000,0
AUDIT1,15004,-7,1,2,0,15122,-0.000000000,-0.000000,0,0,40.000,0
AUDIT1,15004,9,1,2,0,15123,0.000000000,0.000000,0,164,30.000,0
AUDIT1,15004,-10,1,2,0,15119,-0.000000000,-0.000000,0,0,40.000,0
AUDITS,15004,18500,1081,0.033388333,16,0,0
AUDIT1,15504,5,1,2,0,15615,0.000000000,0.000000,0,0,40.000,0
AUDIT1,15504,-4,1,2,0,15616,-0.000000000,-0.000000,0,162,30.000,0
AUDIT1,15504,6,1,2,0,15616,0.000000000,0.000000,6,27,40.000,0
AUDIT1,15504,-7,1,2,0,15617,-0.000000000,-0.000000,6,0,40.000,0
AUDIT1,15504,9,1,2,0,15614,0.000000000,0.000000,0,165,30.000,0
AUDIT1,15504,-10,1,2,0,15617,-0.000000000,-0.000000,-6,0,40.000,0
AUDITS,15504,18500,1081,0.033656249,16,0,0
AUDIT1,16004,5,1,2,0,16109,0.000000000,0.000000,0,0,40.000,0
AUDIT1,16004,-4,1,2,0,16108,-0.000000000,-0.000000,0,162,30.000,0
AUDIT1,16004,6,1,2,0,16109,0.000000000,0.000000,6,26,40.000,0
AUDIT1,16004,-7,1,2,0,16111,-0.000000000,-0.000000,0,0,40.000,0
AUDIT1,16004,9,1,2,0,16109,0.000000000,0.000000,0,164,30.000,0
AUDIT1,16004,-10,1,2,0,16110,-0.000000000,-0.000000,0,0,40.000,0
AUDITS,16004,18500,1081,0.033930863,16,0,0
AUDIT1,16504,5,1,2,0,16603,0.000000000,0.000000,0,0,40.000,0
AUDIT1,16504,-4,1,2,0,16606,-0.000000000,-0.000000,0,162,30.000,0
AUDIT1,16504,6,1,2,0,16603,0.000000000,0.000000,6,27,40.000,0
AUDIT1,16504,-7,1,2,0,16605,-0.000000000,-0.000000,0,0,40.000,0
AUDIT1,16504,9,1,2,0,16605,0.000000000,0.000000,0,164,30.000,0
AUDIT1,16504,-10,1,2,0,16602,-0.000000000,-0.000000,-6,0,40.000,0
AUDITS,16504,18500,1081,0.033184963,16,0,0
AUDIT1,17004,5,1,2,0,17097,0.000000000,0.000000,0,0,40.000,0
AUDIT1,17004,-4,1,2,0,17098,-0.000000000,-0.000000,0,162,30.000,0
AUDIT1,17004,6,1,2,0,17096,0.000000000,0.000000,0,27,40.000,0
AUDIT1,17004,-7,1,2,0,17099,-0.000000000,-0.000000,6,0,40.000,0
AUDIT1,17004,9,1,2,0,17095,0.000000000,0.000000,0,164,30.000,0
AUDIT1,17004,-10,1,2,0,17100,-0.000000000,-0.000000,0,0,40.000,0
AUDITS,17004,18500,1081,0.033296025,16,0,0
AUDIT1,17504,5,1,2,0,17591,0.000000000,0.000000,0,0,40.000,0
AUDIT1,17504,-4,1,2,0,17590,-0.000000000,-0.000000,0,162,30.000,0
AUDIT1,17504,6,1,2,0,17593,0.000000000,0.000000,6,27,40.000,0
AUDIT1,17504,-7,1,2,0,17593,-0.000000000,-0.000000,0,0,40.000,0
AUDIT1,17504,9,1,2,0,17591,0.000000000,0.000000,0,164,30.000,0
AUDIT1,17504,-10,1,2,0,17592,-0.000000000,-0.000000,-6,0,40.000,0
AUDITS,17504,18500,1081,0.033745988,16,0,0
AUDIT1,18004,5,1,2,0,18085,0.000000000,0.000000,6,0,40.000,0
AUDIT1,18004,-4,1,2,0,18087,-0.000000000,-0.000000,0,162,30.000,0
AUDIT1,18004,6,1,2,0,18086,0.000000000,0.000000,-6,27,40.000,0
AUDIT1,18004,-7,1,2,0,18087,-0.000000000,-0.000000,0,0,40.000,0
AUDIT1,18004,9,1,2,0,18086,0.000000000,0.000000,0,165,30.000,0
AUDIT1,18004,-10,1,2,0,18084,-0.000000000,-0.000000,0,0,40.000,0
AUDITS,18004,18500,1081,0.033313423,16,0,0
AUDIT1,18504,5,1,2,0,18579,0.000000000,0.000000,-6,0,40.000,0
AUDIT1,18504,-4,1,2,0,18580,-0.000000000,-0.000000,0,162,30.000,0
AUDIT1,18504,6,1,2,0,18579,0.000000000,0.000000,0,27,40.000,0
AUDIT1,18504,-7,1,2,0,18582,-0.000000000,-0.000000,0,0,40.000,0
AUDIT1,18504,9,1,2,0,18577,0.000000000,0.000000,0,164,30.000,0
AUDIT1,18504,-10,1,2,0,18577,-0.000000000,-0.000000,-6,0,40.000,0
AUDITS,18504,18500,1081,0.033754893,16,0,0
